[Patients]

[Ressources]
1,1
2,1
3,2
4,2
5,3
6,3
7,4
8,4
31,4
9,5
10,5
11,6
12,6
13,7
14,7
15,8
16,8
17,40
18,40
19,41
20,41
23,43
24,43
25,44
26,44
27,45
28,45
29,46
30,46

[Activites]
1,20
2,15
3,15
4,15
5,30
6,40
7,30
8,60
9,30
10,20
11,60
12,10
13,20
14,45
15,120
16,180
17,135
18,60
19,40
20,30
21,10
22,30
23,15
24,15
25,30
26,40
27,30
28,40
29,35
30,15
31,10
32,30

[Composer]
1,1,-1,0,0
1,2,1,0,0
1,3,1,0,0
1,4,1,0,0
1,5,1,0,0
1,6,31,0,0
1,7,31,0,0
1,8,31,0,0
1,9,6,0,0
1,9,7,0,0
1,9,8,0,0
1,31,2,0,0
1,31,3,0,0
1,31,4,0,0
1,31,5,0,0

[Necessiter]
2,2,1
2,40,1
3,2,1
3,41,1
4,1,1
5,1,1
5,43,1
6,3,1
6,44,1
7,1,1
7,43,1
8,4,1
8,43,1
9,5,1
9,43,1
26,4,1
26,44,1
